12
11
22
15
21
18
10
24
20
20
25
27
19
25
15
22
21
20
14
26
20
19
18
22
17
14
13
18
26
14
11
20
16
12
20
13
16
14
13
13
10
17
24
25
27
22
22
19
25
10
12
22
14
15
11
15
11
21
14
27
18
25
12
15
24
12
26
24
25
16
16
22
14
24
22
26
22
11
23
25
17
17
22
20
19
12
16
23
14
11
24
26
19
24
26
22
19
27
27
17
20
15
27
18
26
22
17
19
23
27
23
11
25
11
23
21
25
14
16
14
20
19
27
24
16
20
26
21
18
23
21
12
26
25
21
12
18
20
25
23
16
17
10
27
25
20
20
27
15
23
11
15
11
15
17
16
23
21
15
20
15
10
25
17
23
10
25
24
27
11
22
22
22
27
11
13
13
27
21
27
23
21
24
22
23
16
14
11
11
26
15
24
17
10
20
11
27
14
11
24
20
17
13
13
16
25
14
11
27
23
26
10
14
15
18
19
17
24
21
16
20
12
27
20
22
24
18
10
20
21
15
14
13
26
11
15
17
12
13
11
21
26
27
14
16
14
21
21
14
12
16
25
14
18
11
10
19
11
13
13
26
10
15
13
10
12
19
25
11
11
15
10
16
19
24
20
18
27
18
13
15
18
21
19
10
27
24
23
25
22
25
12
26
27
16
20
15
12
12
12
23
18
26
22
17
13
18
12
12
22
15
13
19
13
19
10
14
27
17
21
11
17
21
24
27
13
17
13
17
27
17
18
20
24
18
23
17
21
22
19
22
16
19
23
23
13
11
23
22
26
22
17
11
17
16
22
20
15
26
22
12
27
25
19
16
20
12
18
21
23
18
27
26
11
17
15
13
22
19
16
12
25
24
27
26
19
15
23
15
15
26
14
12
11
27
26
23
26
12
18
15
27
23
22
18
17
18
12
27
13
23
24
22
15
11
20
26
14
14
17
17
18
20
20
15
19
24
18
11
24
21
23
24
10
21
20
20
23
20
27
12
10
19
18
13
25
22
15
24
22
26
24
16
24
16
17
11
15
20
22
14
25
27
20
21
21
16
19
16
23
25
15
12
27
18
19
20
26
20
25
18
16
14
26
19
16
22
21
19
10
15
11
19
26
19
23
18
17
25
10
11
15
17
17
22
23
18
25
12
17
22
12
24
22
19
22
25
27
18
27
14
25
22
18
24
19
18
13
18
26
21
22
14
20
13
27
27
21
20
25
21
12
16
23
18
13
24
16
13
27
11
22
13
24
17
16
18
19
19
10
15
24
26
22
19
15
12
23
12
18
27
14
20
16
23
12
25
17
23
13
17
10
14
17
18
23
17
21
26
12
25
14
27
11
24
16
13
15
20
16
22
18
15
12
10
13
15
26
11
21
22
16
24
16
24
26
17
24
24
16
26
21
19
11
14
24
16
18
16
20
20
17
26
24
21
11
19
24
20
21
11
13
13
15
24
11
15
20
20
18
12
12
13
17
27
10
26
27
11
20
23
26
20
18
20
26
19
23
16
27
26
20